PORT=5000
APP_NAME=moscow
COORD=55.751108,37.607637
SCHEDULE=600
